211945791
211948267
211939015
211939094
211957024
211936827
211993332
211970520
211951494
211996186
211928486
211950713
211979244
211919004
211936067
211943037
211995516
211946722
211945852
211992162
211974178
211988997
211972980
211930966
211919421
211960649
211950703
211984058
211929719
211989093
211950941
211920603
211922185
211929889
211956407
211940389
211937330
211937453
211950691
211959857
211939542
211960940
211953172
211978704
211951686
211939969
211996831
211969918
211967060
211949097
211985987
211934943
211931526
211989484
211955036
211937843
211983125
211983081
212002298
212009944
211956096
211972627
211952694
211954593
211943613
211921866
211975638
211994105
211997182
211967293
211956984
211936049
211950716
211936199
211950781
211969913
211983602
211994075
212001116
211957791
211978191
211991656
211949471
211988628
211937878
211968151
211944945
211935052
211980450
211935908
211955074
211974702
211953353
211990866
211958562
211925652
211992053
211975426
211981916
211947903
211949728
211986473
211936017
211953574
211935711
211968029
211968762
211994218
211972837
211970861
211937468
211933524
211932810
211953336
211953774
211941583
211979717
211951863
211968621
211996593
211956852
211990010
211983916
211956503
211976999
211984243
211938691
211940576
212006945
211982334
211990953
211975504
211923932
211985566
211981630
212005017
211915147
211953966
211982304
211975006
211939206
211940783
211988401
211973228
211994121
211948738
211970678
211972478
211982469
211913977
211933215
211980574
211948969
211953944
211938106
211948030
211990908
211921414
211971690
211971510
211951388
211940093
211993172
211991571
211986948
211991949
211991400
211918830
211988454
211955002
211992899
211949505
211959273
211978988
211913907
211931309
211938003
211946016
211978880
211987847
211986176
211976347
211949039
211974071
211977836
211971114
211940932
211952381
211983725
211934231
212004753
211949049
211946953
211950227
211969550
211973320
211941472
211979345
211988451
211952654
211956070
211984866
211947631
211995573
211967873
211938860
212007419
211937721
211970750
211931736
211995922
212003469
211934148
211968228
211971871
211954174
211950844
211968838
211950081
211973710
211984180
211917139
211989558
211956059
211988531
211968088
211958029
211982518
211943395
211930807
211982734
211992776
211948340
211960520
211936696
211975510
211982363
211947849
211945119
211929980
211988287
211992451
211936168
211989941
211971817
211980142
211987717
211919747
211968713
211976139
211944193
211976270
211944634
211945362
211939350
211943618
211985503
211993553
211935741
211970427
211937293
211979334
211959536
211946518
211931089
211941382
211949983
211973314
211926166
211957888
211929340
211944807
211969494
211982727
211977390
211947009
211997474
211936869
211959509
211980688
211994369
211938509
211976382
211997350
211931872
211969807
211954496
211954033
211944295
211973205
211943097
211971189
211980366
211914098
211982398
211933861
211954550
211955007
211934172
211971559
211942812
211990093
211942051
211936906
211960212
211937975
211931411
211980180
211978358
211990777
211955190
211987858
211932923
211933035
211973658
211940888
211969273
211959779
211943617
211999682
211970147
211935443
211992160
211953905
211970966
211935518
211968598
211986537
211996201
211980170
211945978
211955577
211913532
211954582
212001529
211993234
211997888
211998618
212002838
211958924
211942823
211959869
211970684
211986379
211960587
