211401251
211412571
211394644
211393067
211394534
211401084
211394397
211396551
211390358
211428172
211388967
211394826
211404477
211390587
211415591
211429515
211423302
211411894
211411477
211428580
211426646
211415618
211406596
211397955
211395887
211429549
211404848
211388537
211418092
211404265
211428643
211394185
211425911
211422676
211428649
211435547
211430648
228682471
211406231
211432946
211423010
211414329
211409099
211396385
211394262
211404735
211396155
211408874
211432373
211396422
211415469
211427749
211429557
211423623
211427425
211400767
211398025
211428671
211385537
211395150
211391205
211413430
211400594
211430252
211416648
211426999
211387275
211402784
211398182
211424980
211399695
211394056
211414071
211418176
211424300
211413961
211427165
211406540
211415686
211430663
211428630
211435731
211402663
211409329
211401437
211402085
211413518
211396162
211395900
211407277
211429354
211427940
211435522
211388074
211385977
211427574
211430012
211388532
211396893
211421190
211394348
211436513
211392234
211427268
211435416
211404138
211403975
211394607
211428762
211407971
211427571
211427666
211392354
211386274
211388700
211432425
211417004
211395699
211398749
211430978
211413575
211393129
211422418
211422199
211427992
211402437
211414351
211427551
211430472
211414938
211416921
211403406
211405094
211396025
211418744
211415109
211385253
211427784
211389537
211401387
211413691
211427210
211385569
211422715
211410757
211432548
211398238
211406605
211435972
211433938
211429539
211396846
228682446
211429903
211396493
211411616
211402742
211428454
211408066
211430866
211390071
211429617
211386807
211385623
211418682
211411112
211398794
211403248
211404016
211421578
211395938
211405388
211395555
211436171
211403127
228682470
211414799
211435506
228682474
211435338
211430909
211413212
211412968
228682475
211396714
211387399
211431863
211411253
211389931
211430282
211400302
211407572
211387045
211417735
211430274
211431269
211428305
211384003
211426909
211403852
211399458
211410007
211392789
211421577
211410235
211423258
211436016
211388981
211387956
211403974
211384972
211404773
211395037
228682460
211391621
211405988
211396289
211422566
211396316
211395912
211386612
211413537
211398747
211402436
211396798
211429166
