211960587
211959779
211968228
211968762
211970147
211970750
211956852
211956059
211970520
211956096
211953905
211954033
211967293
211971559
211955190
211971871
211954496
211973658
211972980
211955036
211974702
211972837
211974071
211950227
211949471
211973205
211949039
211950703
211953353
211968151
211948738
211972478
211960649
211959857
211947903
211950691
211970678
211954582
211976347
211972627
211953774
211978191
211978880
211973314
211952381
211969918
211979244
211950844
211975006
211947009
211980366
211979334
211968088
211971510
211971189
211954550
211948267
211947849
211950081
211967060
211980170
211980574
211980142
211957791
211982469
211975426
211970427
211951494
211953574
211949097
211954174
211942051
211943613
211979345
211945978
211980180
211941583
211983916
211953172
211959273
211971114
211942823
211953336
211953944
211956503
211983725
211977836
211956407
211939542
211980688
211938860
211986176
211939015
211939206
211937843
211968621
211983081
211968029
211985987
211936906
211949049
211976270
211982734
211988287
211982334
211946722
211951863
211940888
211942812
211937453
211986537
211941382
211936696
211938106
211945852
211983125
211939969
211981916
211990908
211943618
211985566
211969807
211989558
211976382
211988531
211988401
211933524
211935711
211984243
211932923
211959536
211933215
211969273
211946953
211968838
211992899
211935741
211937468
211960940
211973710
211941472
211940093
211946518
211959509
211992776
211936869
211938691
211932810
211988628
211976999
211993553
211949505
211931309
211931736
211975510
211986948
211945791
211930807
211991656
211960212
211938509
211978704
211985503
211994121
211936067
211929340
211995573
211929980
211993234
211994369
211968713
211955074
211949983
211944634
211937293
211983602
211992451
211996186
211936168
211958562
211934231
211986379
211937330
211988997
211935443
211996831
211995516
211982518
211988454
211991571
211938003
211952654
211948969
211957888
211935908
211930966
211935518
211958029
211959869
211954593
211937975
211956984
211998618
211925652
211997474
211990953
211995922
211944807
211936827
211931526
211931411
211986473
211936199
211933861
