211411112
211396798
211396551
211416648
211396422
211411616
211396316
211396155
211396025
211412571
211418176
211415618
211414938
211404848
211403974
211427165
211413212
211396893
211395887
211410235
211396493
211427268
211395699
211411894
211406540
211407971
211413537
211427574
211409099
211394607
211405388
211411477
211395150
211394644
211427571
211396385
211428454
211395938
211394185
211422715
211396846
211428671
211428580
211394056
211394534
211428649
211402663
211399695
211417735
211428630
211417004
211428762
211418744
211406596
211404477
211418092
211414329
211413961
211409329
211427940
211429617
211427784
211394348
211429515
211404265
211394397
211394262
211427425
211406231
211430252
211392789
211415591
211393129
211422418
211428643
211404773
211400767
211414799
211403248
211423010
211430012
211430274
211429166
211399458
211422199
211398747
211401437
211404735
211407572
211427749
211428172
211391621
211392234
211421190
211392354
211395555
211430472
211430909
211429539
211397955
211429354
211431269
211432425
211427210
211423302
211398794
211400302
211405988
211421577
211403975
211406605
211388700
211389537
