219622634
219599730
219652181
219648746
219609927
219664556
219676654
219576178
219655998
219630458
219646472
219580919
219659948
219624311
219634533
219578517
219590044
219596810
219656722
219598397
219640170
219594854
219662958
219563935
219632609
219583317
219675415
219566703
219621717
219603086
219590348
219582962
219566722
219640883
219649535
219669168
219583146
219624547
219637145
219596847
219634222
219646416
219616382
219593008
219609511
219576298
219611545
219584896
219665632
219625790
219655325
219622789
219612216
219652631
219595429
219583169
219647115
219578029
219610822
219618103
219571101
