dwarf,Teff,logT,BCv,Mv,logL,Msun,M_J,Mbol,R_Rsun
O3,46000,4.663,-4.05,-5.7,5.8,-999,-999,-9.75,12.5
O4,43000,4.633,-3.92,-5.5,5.67,-999,-999,-9.42,12.3
O5,41500,4.618,-3.77,-5.4,5.58,-999,-999,-9.2,11.9
O5.5,40000,4.602,-3.65,-5.2,5.46,-999,-999,-8.9,11.2
O6,39000,4.591,-3.57,-5.1,5.37,-999,-999,-8.67,10.6
O6.5,37300,4.573,-3.45,-4.9,5.24,-999,-999,-8.35,10
O7,36500,4.562,-3.38,-4.8,5.17,28,-999,-8.18,9.62
O7.5,35000,4.544,-3.27,-4.6,5.05,24,-999,-7.87,9.11
O8,34500,4.538,-3.22,-4.5,4.99,22.9,-999,-7.72,8.75
O8.5,33000,4.519,-3.13,-4.3,4.87,20.5,-999,-7.43,8.33
O9,32500,4.512,-3.09,-4.2,4.82,19.7,-3.44,-7.29,8.11
O9.5,32000,4.505,-3.06,-4.1,4.76,18.5,-3.35,-7.15,7.8
B0,31500,4.498,-3.02,-4,4.7,17.5,-3.27,-7.02,7.53
B0.5,29000,4.462,-2.87,-3.6,4.47,15,-2.9,-6.43,6.81
B1,26000,4.415,-2.61,-3.1,4.13,11,-2.43,-5.68,5.72
B1.5,24500,4.389,-2.43,-2.8,3.89,10,-2.23,-5.24,4.89
B2,20600,4.314,-2.06,-1.7,3.38,7.3,-1.24,-3.71,3.85
B2.5,18500,4.267,-1.79,-1.4,3.1,6.1,-0.99,-3.15,3.45
B3,17000,4.23,-1.58,-1.1,2.96,5.4,-0.73,-2.64,3.48
B4,16700,4.223,-1.53,-1,2.91,5,-0.66,-2.52,3.41
B5,15700,4.196,-1.35,-0.9,2.8,4.6,-0.59,-2.25,3.4
B6,14500,4.161,-1.16,-0.5,2.54,4,-0.23,-1.66,2.95
B7,14000,4.146,-1.07,-0.4,2.49,3.9,-0.16,-1.47,2.99
B8,12500,4.097,-0.81,-0.2,2.27,3.4,-0.01,-0.91,2.91
B9,10700,4.029,-0.42,0.7,1.79,2.8,0.79,0.28,2.28
B9.5,10400,4.017,-0.38,0.8,1.73,2.5,0.83,0.44,2.26
A0,9700,3.987,-0.24,1.11,1.54,2.3,1.07,0.87,2.09
A1,9200,3.965,-0.15,1.34,1.41,2.15,1.25,1.19,2
A2,8840,3.946,-0.1,1.48,1.33,2.05,1.32,1.38,1.97
A3,8550,3.932,-0.06,1.55,1.29,2,1.35,1.49,2.01
A4,8270,3.917,-0.04,1.76,1.2,1.9,1.47,1.72,1.94
A5,8080,3.907,-0.03,1.84,1.16,1.85,1.51,1.81,1.94
A6,8000,3.903,-0.02,1.89,1.14,1.83,1.54,1.87,1.93
A7,7800,3.892,0,2.07,1.06,1.76,1.64,2.07,1.86
A8,7500,3.874,0,2.29,0.97,1.67,1.78,2.29,1.81
A9,7440,3.872,0,2.3,0.97,1.67,1.78,2.3,1.84
F0,7220,3.857,-0.01,2.51,0.89,1.59,1.9,2.5,1.79
F1,7030,3.847,-0.01,2.79,0.77,1.5,2.13,2.78,1.64
F2,6810,3.833,-0.02,2.99,0.7,1.44,2.26,2.97,1.61
F3,6720,3.827,-0.03,3.08,0.67,1.43,2.32,3.05,1.6
F4,6640,3.822,-0.04,3.23,0.61,1.39,2.42,3.19,1.53
F5,6510,3.814,-0.04,3.4,0.54,1.33,2.55,3.36,1.46
F6,6340,3.802,-0.05,3.7,0.43,1.25,2.78,3.65,1.36
F7,6240,3.795,-0.06,3.87,0.36,1.21,2.9,3.81,1.3
F8,6170,3.79,-0.07,4.01,0.31,1.18,3.01,3.96,1.25
F9,6040,3.781,-0.08,4.15,0.26,1.14,3.11,4.07,1.23
G0,5920,3.772,-0.09,4.45,0.14,1.08,3.34,4.4,1.12
G1,5880,3.769,-0.1,4.5,0.13,1.07,3.38,4.4,1.12
G2,5770,3.761,-0.11,4.79,0.01,1.02,3.57,4.68,1.01
G3,5720,3.757,-0.12,4.86,-0.01,1,3.64,4.74,1.01
G4,5680,3.754,-0.13,4.94,-0.04,0.99,3.7,4.8,0.986
G5,5660,3.753,-0.13,4.98,-0.05,0.98,3.74,4.84,0.982
G6,5590,3.747,-0.15,5.13,-0.11,0.97,3.84,4.98,0.939
G7,5530,3.743,-0.16,5.18,-0.12,0.96,3.88,5.02,0.949
G8,5490,3.734,-0.17,5.32,-0.17,0.94,3.97,5.15,0.909
G9,5340,3.728,-0.21,5.55,-0.25,0.9,4.14,5.34,0.876
K0,5280,3.723,-0.22,5.76,-0.33,0.87,4.29,5.54,0.817
K1,5170,3.713,-0.26,5.89,-0.36,0.85,4.47,5.65,0.814
K2,5040,3.706,-0.29,6.19,-0.47,0.82,4.57,5.88,0.763
K3,4840,3.685,-0.41,6.57,-0.58,0.78,4.76,6.16,0.729
K4,4620,3.665,-0.55,7.04,-0.71,0.73,4.98,6.48,0.689
K5,4410,3.644,-0.68,7.36,-0.78,0.71,5.18,6.68,0.698
K6,4230,3.626,-0.81,7.8,-0.9,0.68,5.41,6.99,0.661
K7,4070,3.61,-0.97,8.25,-1.02,0.64,5.65,7.28,0.622
K8,4000,3.602,-1.03,8.47,-1.1,0.63,5.78,7.44,0.587
K9,3940,3.595,-1.1,8.69,-1.18,0.61,5.92,7.59,0.552
M0,3870,3.588,-1.16,8.91,-1.2,0.6,6.04,7.75,0.559
M0.5,3800,3.58,-1.38,9.2,-1.27,0.56,6.19,7.9,0.535
M1,3700,3.568,-1.44,9.69,-1.4,0.53,6.51,8.25,0.496
M1.5,3650,3.562,-1.57,9.97,-1.47,0.5,6.69,8.4,0.46
M2,3550,3.55,-1.65,10.3,-1.57,0.48,6.89,8.65,0.434
M2.5,3500,3.544,-1.76,10.7,-1.68,0.44,7.01,8.94,0.393
M3,3410,3.533,-1.97,11.14,-1.78,0.39,7.4,9.17,0.369
M3.5,3250,3.512,-2.27,12.19,-2.07,0.28,8.02,9.92,0.291
M4,3200,3.505,-2.59,12.8,-2.2,0.22,8.39,10.21,0.258
M4.5,3100,3.491,-3.05,13.57,-2.31,0.18,8.79,10.52,0.243
M5,3030,3.481,-3.28,14.3,-2.52,0.15,9.25,11.02,0.199
M5.5,3000,3.477,-3.8,15.51,-2.79,0.12,9.93,11.71,0.149
M6,2850,3.455,-4.36,16.62,-3.02,0.11,10.28,12.26,0.127
M6.5,2710,3.433,-4.6,17.07,-3.09,0.1,10.47,12.47,0.129
M7,2650,3.423,-5.06,17.81,-3.21,0.09,10.76,12.75,0.118
M7.5,2600,3.415,-5.46,18.42,-3.29,0.08,10.68,12.97,0.112
M8,2500,3.398,-5.7,18.84,-3.36,0.077,11.23,13.14,0.111
M8.5,2440,3.387,-5.8,19.14,-3.44,0.071,11.45,13.34,0.107
M9,2400,3.38,-5.9,19.36,-3.57,0.065,11.53,13.67,0.095
M9.5,2320,3.365,-6.13,19.75,-3.55,-999,11.78,13.62,0.104
L0,2250,3.352,-999,20,-3.57,-999,11.84,13.67,0.108
L1,2100,3.322,-999,20.5,-3.7,-999,12.14,13.99,0.107
L2,1960,3.292,-999,20.9,-3.84,-999,12.34,14.34,0.104
L3,1830,3.262,-999,21.7,-3.98,-999,12.93,14.96,0.102
L4,1700,3.23,-999,22.3,-4.11,-999,13.17,15.02,0.102
L5,1590,3.201,-999,23.1,-4.24,-999,13.6,15.34,0.1
L6,1490,3.173,-999,-999,-4.36,-999,13.99,15.64,0.099
L7,1410,3.149,-999,-999,-4.46,-999,14.34,15.89,0.099
L8,1350,3.13,-999,-999,-4.55,-999,14.47,16.12,0.097
L9,1300,3.114,-999,-999,-4.61,-999,14.47,16.27,0.098
T0,1260,3.1,-999,-999,-4.66,-999,14.46,16.39,0.098
T1,1230,3.09,-999,-999,-4.69,-999,14.34,16.47,0.1
T2,1200,3.079,-999,-999,-4.73,-999,14.32,16.57,0.1
T3,1160,3.064,-999,-999,-4.77,-999,14.45,16.67,0.102
T4,1120,3.049,-999,-999,-4.84,-999,14.67,16.84,0.101
T4.5,1090,3.037,-999,-999,-4.9,-999,14.8,16.99,0.099
T5,1050,3.021,-999,-999,-4.95,-999,15.02,17.12,0.101
T5.5,1010,3.004,-999,-999,-5.04,-999,15.28,17.34,0.099
T6,960,2.982,-999,-999,-5.12,-999,15.61,17.54,0.1
T7,840,2.924,-999,-999,-5.37,-999,15.77,18.17,0.098
T7.5,770,2.886,-999,-999,-5.54,-999,16.51,18.59,0.095
T8,700,2.845,-999,-999,-5.71,-999,17.24,19.02,0.095
T8.5,610,2.785,-999,-999,-5.93,-999,18.45,19.57,0.097
T9,530,2.724,-999,-999,-6.15,-999,19.67,20.12,0.1
T9.5,475,2.677,-999,-999,-999,-999,19.52,-999,-999
Y0,420,2.623,-999,-999,-6.52,-999,21,-999,0.104
Y0.5,390,2.591,-999,-999,-999,-999,22,-999,-999
Y1,350,2.544,-999,-999,-999,-999,23,-999,-999
Y1.5,325,2.512,-999,-999,-999,-999,25,-999,-999
Y2,250,2.398,-999,-999,-999,-999,28.3,26.2,-999
